153
-5 -49
-63 -70
-13 -54
83 16
21 -48
69 -29
89 62
85 82
90 8
15 48
91 -92
-7 88
-14 -61
-52 35
-2 43
-86 88
95 37
76 48
-61 -36
-8 -18
4 -97
-70 88
-69 64
-50 -64
-46 -74
-74 55
47 -22
66 -8
-9 82
-16 -73
-94 82
43 34
-42 -76
46 -45
15 -11
-32 -44
-6 -7
48 -36
2 -18
-99 -29
96 -96
-27 93
-92 79
0 -68
-46 -70
-2 89
-45 22
62 -12
66 42
70 -54
17 64
-16 67
-95 21
24 -36
-75 -72
72 61
21 91
-94 -26
65 -57
41 76
-65 -82
15 90
62 -49
66 -31
-31 50
15 -82
-72 -10
-54 -80
-55 50
-96 73
92 -45
-82 -35
-77 62
84 84
77 26
-57 84
55 -78
77 -96
99 85
65 80
92 65
-63 -25
94 92
72 38
-36 -28
-67 51
71 50
16 -51
49 63
94 15
84 -70
-14 -84
-88 61
51 98
-87 -5
-13 -67
-85 33
-60 -3
29 57
93 17
93 -71
-21 55
-7 -38
49 -41
-78 -39
-69 -45
-25 18
-38 32
-23 94
13 18
-76 -14
96 28
2 -44
-73 62
15 95
74 -44
-68 -98
-59 44
-41 -33
29 50
-65 80
14 82
28 -29
-7 -37
-30 29
57 25
-76 -75
-54 -45
-30 75
27 48
-97 -14
-22 52
-56 -76
-86 -33
35 96
91 -45
-49 -16
-21 -43
77 34
-90 -44
-95 -90
-95 61
57 0
40 7
-79 76
-10 23
-81 29
-100 -12
76 59
34 -41
67 -82
74 -91
90 80
