150
91 55 88 -58 75
-9 -23 20 81 36
60 27 24 -66 -21
-29 59 56 68 -45
7 -18 -78 -50 75
58 32 15 7 65
-61 9 -98 -10 -64
63 94 -41 84 8
78 89 80 -55 -49
20 -75 -94 90 71
-98 57 -29 -8 56
-98 -61 -14 -19 8
58 8 -87 22 34
-83 40 3 55 4
-3 -89 76 -19 13
-6 86 53 41 63
96 -47 -25 -48 60
11 95 -91 82 84
32 56 -10 -12 -14
-38 -85 93 7 -90
56 62 63 -58 -65
43 8 82 44 100
-84 70 -26 -43 -9
41 65 83 14 -75
-100 -78 -19 -98 12
-57 -95 29 -97 -59
18 97 -72 87 30
29 -30 37 -93 -52
84 -88 79 -64 65
-71 87 29 12 -86
5 -38 80 -57 -21
58 77 80 -64 29
-16 40 -33 -46 6
-16 -81 57 -17 65
-30 42 89 56 -20
70 52 -64 78 -51
-48 -85 -85 -92 70
92 87 -100 -28 -3
-72 42 52 77 40
-34 11 -53 44 -52
-37 1 -91 99 99
-88 -53 -88 34 86
-96 -69 -94 -84 61
2 44 -66 -36 24
84 -93 42 12 -90
58 54 21 -37 37
45 80 -84 45 -92
29 -23 10 -54 -54
-58 99 -93 -70 -13
20 -46 -91 -94 -77
54 -99 -18 47 38
-71 -31 99 36 -34
-32 6 9 -73 -42
-11 -99 61 -86 -72
-86 8 -34 90 57
-16 41 28 -91 28
51 50 -4 24 45
92 -74 30 8 26
5 -82 82 8 83
-29 96 -31 -79 -56
-33 52 66 -2 90
8 -64 -28 39 77
12 29 65 12 -32
30 -32 89 79 61
-46 69 77 6 86
49 -56 -84 -77 0
-54 49 -47 -12 3
79 76 -17 -50 37
-79 -49 84 52 -55
-4 3 28 31 36
-20 -45 -76 90 -50
-42 -63 -33 93 -18
-64 67 90 -66 -98
90 -24 -47 -20 -41
-64 -45 55 -47 78
-54 32 -22 32 -94
-59 89 -90 81 -33
27 13 -97 64 -43
73 99 -50 62 -36
56 0 -30 83 53
-30 79 -69 91 3
83 93 -34 17 -58
-50 92 -94 92 41
40 37 -32 -47 72
-65 -2 71 12 20
-60 9 55 89 -48
-25 -12 78 -16 -22
-25 -45 53 3 8
-53 4 -71 -77 -97
49 42 58 -93 4
55 -32 8 77 56
41 -68 6 8 -100
-55 -62 25 -51 -53
-62 40 -46 -17 -91
6 -30 -48 -43 -65
34 -26 -4 6 93
82 -34 -82 -17 2
-92 -1 73 64 -31
10 94 -80 66 44
10 -24 98 34 89
27 -97 68 82 -15
79 -3 34 28 23
72 71 -84 -41 81
-9 -1 90 -75 -71
-73 28 97 3 37
-92 77 -20 -76 86
22 -28 -92 -83 19
-17 5 -1 3 -34
-42 -45 -94 78 40
46 23 54 -1 -64
13 -19 -47 95 84
-82 -76 60 -18 -78
-95 -91 24 23 100
-66 50 73 2 -70
63 34 25 -55 -30
-99 31 -82 3 -85
64 -7 -91 -45 40
-24 82 -6 -35 25
-63 45 17 -16 93
-80 -38 90 33 81
49 16 22 -23 40
75 9 -94 -80 16
-3 -43 61 93 -59
-39 -37 52 -19 67
42 18 71 2 23
-9 -33 -16 -38 94
89 4 -78 -28 5
-46 -24 96 8 -62
-64 -68 -49 -14 37
92 9 66 11 17
34 -75 -16 10 55
58 -63 -1 75 37
-39 56 -45 17 -42
-25 -23 -55 -61 9
-83 -62 38 61 89
-100 -38 -89 -77 -24
-51 4 -64 98 -47
-77 -89 30 -94 -43
6 -54 76 -5 -57
-85 6 -100 97 -21
57 -10 48 -21 41
44 84 63 -47 -40
-39 -61 -97 68 7
-55 -51 -69 93 60
-50 -38 -96 -63 56
-95 -35 -90 86 -1
-5 43 70 20 -58
89 6 -25 29 81
44 11 47 30 52
88 -19 -24 -97 9
