304
-98 9 86
-32 -98 -51
-74 -82 -46
-17 13 15
-46 23 73
-43 -100 -50
77 33 44
-8 87 56
-37 0 -66
96 43 48
-25 35 2
-40 87 -20
4 80 18
-70 -78 12
83 -13 -65
-96 -68 -36
-31 -50 71
-8 91 -20
36 59 -60
52 5 -100
-83 -62 -33
5 -77 47
-12 -99 66
-95 36 -40
-38 -94 -8
-24 -7 -23
16 -27 -81
-32 -83 18
-78 65 86
-82 54 78
-60 88 64
89 71 -1
38 70 -28
-22 57 -65
-7 -90 75
-65 22 -46
43 -66 43
-59 -79 -43
6 -68 83
64 12 8
-24 -41 77
5 -25 3
62 -21 34
-33 19 -48
51 9 61
77 38 -30
18 -35 61
77 -68 7
99 91 47
36 -47 -43
45 97 -97
-15 -10 -75
-95 -32 46
28 -28 -38
-11 47 40
67 23 21
36 69 -96
55 83 -55
-80 11 -44
62 0 38
7 61 15
-97 -12 84
99 -28 -14
-62 -93 5
-44 53 -31
73 7 -20
53 34 -46
75 -64 -84
-16 41 -30
-52 -63 73
39 15 57
-30 55 87
48 -16 -10
-85 53 37
-19 44 -26
94 32 -3
-59 -90 50
10 6 -43
-30 100 -48
32 18 14
-61 -25 -42
11 39 -71
7 -35 98
11 89 42
-35 -3 -12
7 6 67
14 80 -42
-59 1 -16
-90 -80 -48
-84 -36 -78
-82 93 -29
55 -52 70
-93 36 -4
-40 63 100
-44 53 32
34 51 48
43 36 -82
43 -27 -35
-44 -38 51
-28 39 21
71 -9 -22
-20 22 96
75 -1 7
65 -26 43
29 0 54
-52 -17 71
47 14 -76
-90 15 24
-59 -95 -41
77 -64 23
24 35 8
-58 81 -28
42 39 -59
13 -12 91
-61 -6 99
-77 44 26
-6 78 51
-97 -4 -73
-11 40 15
-30 43 -86
82 49 -98
81 73 38
9 -34 66
32 15 -16
10 21 41
89 -44 50
-70 7 62
-77 1 -92
16 8 46
80 37 4
-91 -98 38
45 -47 84
11 39 72
-64 38 -46
80 40 96
57 -45 38
86 40 0
10 -60 58
-67 13 -19
13 -11 50
-68 -79 40
-75 96 -40
-68 77 -59
-79 34 64
79 17 -98
-77 -60 93
46 73 92
-38 -64 -74
-87 46 -16
-43 77 38
-80 6 -54
-78 45 53
-23 -77 67
59 -67 80
-49 -60 -40
-93 -29 -63
-94 32 20
-22 -76 0
-82 -47 50
92 78 -39
97 31 -52
-31 -46 74
96 20 22
-40 5 2
-73 26 -76
2 -3 -77
85 -54 6
-10 -4 21
97 25 -51
13 -18 -2
100 -94 84
46 89 -23
18 74 -3
91 -80 -86
-75 -39 -5
27 10 61
34 -80 -81
26 73 17
89 33 81
13 -55 98
50 -56 -20
98 -51 58
68 -94 -23
-81 -83 50
-65 -89 -50
-49 -79 65
77 46 -16
62 -87 -22
4 88 83
9 -8 -42
78 55 93
-31 24 -21
37 77 -16
89 -48 -29
65 2 -85
12 37 -18
-41 -19 73
62 89 25
-9 -29 -62
55 -81 -66
61 -26 -31
60 20 -68
-47 -94 -33
-96 -32 4
-71 65 8
1 14 -43
95 70 -80
57 -48 -69
13 63 40
-7 47 -5
2 40 99
-9 -16 -6
-40 4 -88
-40 90 -24
-33 -81 77
23 -10 -48
28 84 5
62 88 62
93 67 -95
96 56 51
-57 -15 45
74 -57 81
37 -77 8
-69 -3 -73
-95 13 81
9 -79 -42
-63 -98 56
-47 25 -83
77 -54 -83
96 75 29
-25 11 15
-13 -39 -85
-95 -6 -90
43 37 -39
85 -36 1
-81 -4 26
-2 5 -69
-9 -51 -86
6 42 -9
-41 37 34
48 63 79
96 -12 -3
90 12 -13
80 78 -47
9 56 -76
67 -63 -77
32 52 -76
43 6 -14
23 -8 74
82 -43 -16
66 -70 92
75 -68 4
-31 -75 -11
-69 -61 57
92 3 -80
90 -27 -38
78 -16 -61
-100 22 -75
-5 -96 -7
-25 46 -6
50 -72 -61
-29 80 34
74 -11 67
65 -18 95
70 90 -14
56 88 2
48 -13 -29
75 62 29
-14 -10 75
73 77 -42
87 -56 -2
28 46 -79
72 14 12
-3 94 50
24 10 8
82 -31 13
-6 -82 31
39 -92 -13
-72 -38 -88
-81 -63 -15
28 86 -52
88 -88 -18
37 -99 -66
88 -14 -38
-45 -94 73
49 -86 -62
16 -4 86
-93 -48 32
65 48 24
-87 88 15
99 -64 -96
-92 -87 97
88 -42 82
52 -4 96
-2 99 55
-96 51 0
-94 -38 -13
-29 97 41
-34 5 80
-24 -16 90
79 -97 34
-41 -93 3
43 93 56
90 -15 -52
